,"201,10,10","10,10,10","201,10,10,10","10,10,10,10","201,10,10,10,10","10,10,000400","10,000400,10","201,10,000400","10,10,000400,10","202,10,10","10,10,10,10,10","201,10,10,000400","201,000400,10","201,10,000006","201,10,000400,10","10,020000,10","102,10,10","10,10,100000","201,10,020000","10,100000,10","201,10,100000","10,10,020000","000400,10,10","10,003400,10","10,10,10,000400","201,10,10,000400,10","105,10,10","101,10,10","201,10,10,10,10,10","104,10,10"
"201,10,10",0.0,0.3492063492063492,0.4376417233560091,0.6439909297052154,0.6893424036281179,0.8031319910514542,0.3561946902654867,0.7884187082405345,0.5882352941176471,0.3919491525423729,0.8412698412698413,0.8112359550561797,0.026490066225165563,0.9106029106029107,0.4095022624434389,0.3512304250559284,0.3184855233853007,0.8641425389755011,0.8466666666666667,0.35777777777777775,0.8425720620842572,0.8609865470852018,0.35214446952595935,0.34451901565995524,0.8513513513513513,0.6357466063348416,0.3400900900900901,0.2882882882882883,0.854875283446712,0.311804008908686
"10,10,10",0.3492063492063492,0.0,0.13588850174216027,0.4529616724738676,0.5226480836236934,0.725752508361204,0.04966887417218543,0.7171052631578947,0.3737024221453287,0.09748427672955975,0.7560975609756098,0.7373737373737373,0.36644591611479027,0.9428571428571428,0.11986301369863013,0.030405405405405407,0.08598726114649681,0.8133333333333334,0.7873754152823921,0.03691275167785235,0.7894736842105263,0.8040540540540541,0.006920415224913495,0.04013377926421405,0.7766323024054983,0.4463667820069204,0.030405405405405407,0.10031347962382445,0.7770034843205574,0.0946372239747634
"201,10,10,10",0.4376417233560091,0.13588850174216027,0.0,0.36693548387096775,0.4475806451612903,0.7094339622641509,0.17880794701986755,0.7,0.3359073359073359,0.22012578616352202,0.717741935483871,0.7027027027027027,0.45253863134657835,0.9492063492063492,0.05343511450381679,0.16216216216216217,0.21019108280254778,0.7946768060836502,0.7651515151515151,0.16778523489932887,0.7677902621722846,0.7837837837837838,0.14186851211072665,0.1705685618729097,0.7470355731225297,0.3665338645418327,0.16216216216216217,0.2225705329153605,0.7419354838709677,0.21766561514195584
"10,10,10,10",0.6439909297052154,0.4529616724738676,0.36693548387096775,0.0,0.12738853503184713,0.6789473684210526,0.48013245033112584,0.6868686868686869,0.14207650273224043,0.5062893081761006,0.554140127388535,0.6684782608695652,0.6534216335540839,0.9473684210526315,0.40076335877862596,0.46959459459459457,0.5,0.7914438502673797,0.7696335078534031,0.47315436241610737,0.7794871794871795,0.782608695652174,0.45674740484429066,0.47491638795986624,0.6783625730994152,0.17714285714285713,0.46959459459459457,0.5078369905956113,0.5923566878980892,0.5047318611987381
"201,10,10,10,10",0.6893424036281179,0.5226480836236934,0.4475806451612903,0.12738853503184713,0.0,0.6949152542372882,0.5463576158940397,0.7027027027027027,0.25136612021857924,0.5691823899371069,0.48905109489051096,0.6842105263157895,0.6975717439293598,0.957345971563981,0.4770992366412214,0.5371621621621622,0.5636942675159236,0.8023255813953488,0.7714285714285715,0.540268456375839,0.7888888888888889,0.7857142857142857,0.5259515570934256,0.5418060200668896,0.6962025316455697,0.15432098765432098,0.5371621621621622,0.5705329153605015,0.5328467153284672,0.5678233438485805
"10,10,000400",0.8031319910514542,0.725752508361204,0.7094339622641509,0.6789473684210526,0.6949152542372882,0.0,0.7225806451612903,0.08737864077669903,0.601010101010101,0.7400611620795107,0.7669172932330827,0.06382978723404255,0.8004385964912281,0.9526627218934911,0.6911764705882353,0.7254901960784313,0.7446153846153846,0.7835820895522388,0.65625,0.7272727272727273,0.7676056338028169,0.6583333333333333,0.7233333333333334,0.7281553398058253,0.26595744680851063,0.585635359116022,0.7128712871287128,0.7484848484848485,0.765625,0.7431192660550459
"10,000400,10",0.3561946902654867,0.04966887417218543,0.17880794701986755,0.48013245033112584,0.5463576158940397,0.7225806451612903,0.0,0.7019230769230769,0.39403973509933776,0.11550151975683891,0.7682119205298014,0.7337662337662337,0.3333333333333333,0.93646408839779,0.13245033112582782,0.05844155844155844,0.11042944785276074,0.8108974358974359,0.7781350482315113,0.06451612903225806,0.7841269841269841,0.7941176470588235,0.04304635761589404,0.06129032258064516,0.7715231788079471,0.46357615894039733,0.05844155844155844,0.1407185628742515,0.7880794701986755,0.1299093655589124
"201,10,000400",0.7884187082405345,0.7171052631578947,0.7,0.6868686868686869,0.7027027027027027,0.08737864077669903,0.7019230769230769,0.0,0.5911330049261084,0.7319277108433735,0.7730496453900709,0.14563106796116504,0.7860262008733624,0.9371428571428572,0.6678832116788321,0.7129032258064516,0.7325227963525835,0.7887323943661971,0.6390977443609023,0.7188498402555911,0.7651006711409396,0.6507936507936508,0.7147540983606557,0.7156549520766773,0.3300970873786408,0.5752688172043011,0.7003257328990228,0.7402985074626866,0.7720588235294118,0.7311178247734139
"10,10,000400,10",0.5882352941176471,0.3737024221453287,0.3359073359073359,0.14207650273224043,0.25136612021857924,0.601010101010101,0.39403973509933776,0.5911330049261084,0.0,0.42946708463949845,0.6174863387978142,0.6173469387755102,0.5960264900662252,0.9486166007905138,0.3015267175572519,0.38175675675675674,0.4272151898734177,0.7942583732057417,0.7391304347826086,0.3859060402684564,0.772093023255814,0.7562189054726368,0.37800687285223367,0.3879598662207358,0.6736842105263158,0.11475409836065574,0.38175675675675674,0.43613707165109034,0.6502732240437158,0.43260188087774293
"202,10,10",0.3919491525423729,0.09748427672955975,0.22012578616352202,0.5062893081761006,0.5691823899371069,0.7400611620795107,0.11550151975683891,0.7319277108433735,0.42946708463949845,0.0,0.779874213836478,0.754601226993865,0.39375,0.9391534391534392,0.19875776397515527,0.11076923076923077,0.15204678362573099,0.8128834355828221,0.8,0.09876543209876543,0.7909090909090909,0.8153846153846154,0.09119496855345911,0.11314984709480122,0.790625,0.4952978056426332,0.10493827160493827,0.1642651296829971,0.7987421383647799,0.15942028985507245
"10,10,10,10,10",0.8412698412698413,0.7560975609756098,0.717741935483871,0.554140127388535,0.48905109489051096,0.7669172932330827,0.7682119205298014,0.7730496453900709,0.6174863387978142,0.779874213836478,0.0,0.7559055118110236,0.8454746136865342,0.9591836734693877,0.732824427480916,0.7635135135135135,0.7770700636942676,0.860655737704918,0.8346456692913385,0.7651006711409396,0.8384615384615385,0.8487394957983193,0.7577854671280276,0.7658862876254181,0.7129629629629629,0.5679012345679012,0.7635135135135135,0.780564263322884,0.08571428571428572,0.7791798107255521
"201,10,10,000400",0.8112359550561797,0.7373737373737373,0.7027027027027027,0.6684782608695652,0.6842105263157895,0.06382978723404255,0.7337662337662337,0.14563106796116504,0.6173469387755102,0.754601226993865,0.7559055118110236,0.0,0.8083700440528634,0.950920245398773,0.7037037037037037,0.7368421052631579,0.7554179566563467,0.7829457364341085,0.6612903225806451,0.738562091503268,0.7664233576642335,0.6637931034482759,0.7348993288590604,0.739413680781759,0.2159090909090909,0.5714285714285714,0.7242524916943521,0.7591463414634146,0.7540983606557377,0.7576687116564417
"201,000400,10",0.026490066225165563,0.36644591611479027,0.45253863134657835,0.6534216335540839,0.6975717439293598,0.8004385964912281,0.3333333333333333,0.7860262008733624,0.5960264900662252,0.39375,0.8454746136865342,0.8083700440528634,0.0,0.9083503054989817,0.4216335540838852,0.3646288209606987,0.3289760348583878,0.8627450980392157,0.8431372549019608,0.3673913043478261,0.841648590021692,0.8571428571428571,0.3620309050772627,0.3544857768052516,0.847682119205298,0.6423841059602649,0.35384615384615387,0.30701754385964913,0.8587196467991169,0.3297180043383948
"201,10,000006",0.9106029106029107,0.9428571428571428,0.9492063492063492,0.9473684210526315,0.957345971563981,0.9526627218934911,0.93646408839779,0.9371428571428572,0.9486166007905138,0.9391534391534392,0.9591836734693877,0.950920245398773,0.9083503054989817,0.0,0.944954128440367,0.9442896935933147,0.935656836461126,0.958904109589041,0.9477124183006536,0.9416666666666667,0.9487179487179487,0.951048951048951,0.9431818181818182,0.9388888888888889,0.9659863945578231,0.9529914529914529,0.938375350140056,0.9448818897637795,0.9574468085106383,0.9333333333333333
"201,10,000400,10",0.4095022624434389,0.11986301369863013,0.05343511450381679,0.40076335877862596,0.4770992366412214,0.6911764705882353,0.13245033112582782,0.6678832116788321,0.3015267175572519,0.19875776397515527,0.732824427480916,0.7037037037037037,0.4216335540838852,0.944954128440367,0.0,0.12751677852348994,0.18867924528301888,0.791970802919708,0.7545787545787546,0.13953488372093023,0.7617328519855595,0.7723880597014925,0.12585034013605442,0.1362126245847176,0.7462121212121212,0.3816793893129771,0.12751677852348994,0.20679012345679013,0.7557251908396947,0.19626168224299065
"10,020000,10",0.3512304250559284,0.030405405405405407,0.16216216216216217,0.46959459459459457,0.5371621621621622,0.7254901960784313,0.05844155844155844,0.7129032258064516,0.38175675675675674,0.11076923076923077,0.7635135135135135,0.7368421052631579,0.3646288209606987,0.9442896935933147,0.12751677852348994,0.0,0.10559006211180125,0.8110749185667753,0.7777777777777778,0.039603960396039604,0.7838709677419354,0.7980132450331126,0.03691275167785235,0.036303630363036306,0.7751677852348994,0.4527027027027027,0.0462046204620462,0.125,0.7837837837837838,0.1196319018404908
"102,10,10",0.3184855233853007,0.08598726114649681,0.21019108280254778,0.5,0.5636942675159236,0.7446153846153846,0.11042944785276074,0.7325227963525835,0.4272151898734177,0.15204678362573099,0.7770700636942676,0.7554179566563467,0.3289760348583878,0.935656836461126,0.18867924528301888,0.10559006211180125,0.0,0.8251533742331288,0.7938461538461539,0.10526315789473684,0.803030303030303,0.809375,0.08571428571428572,0.10802469135802469,0.7917981072555205,0.4936708860759494,0.11145510835913312,0.17052023121387283,0.7961783439490446,0.16569767441860464
"10,10,100000",0.8641425389755011,0.8133333333333334,0.7946768060836502,0.7914438502673797,0.8023255813953488,0.7835820895522388,0.8108974358974359,0.7887323943661971,0.7942583732057417,0.8128834355828221,0.860655737704918,0.7829457364341085,0.8627450980392157,0.958904109589041,0.791970802919708,0.8110749185667753,0.8251533742331288,0.0,0.7647058823529411,0.8045602605863192,0.14814814814814814,0.7522935779816514,0.8145695364238411,0.8167202572347267,0.7678571428571429,0.796875,0.8071895424836601,0.8313253012048193,0.8632478632478633,0.8267477203647416
"201,10,020000",0.8466666666666667,0.7873754152823921,0.7651515151515151,0.7696335078534031,0.7714285714285715,0.65625,0.7781350482315113,0.6390977443609023,0.7391304347826086,0.8,0.8346456692913385,0.6612903225806451,0.8431372549019608,0.9477124183006536,0.7545787545787546,0.7777777777777778,0.7938461538461539,0.7647058823529411,0.0,0.7831715210355987,0.7380952380952381,0.14102564102564102,0.7847682119205298,0.7799352750809061,0.6388888888888888,0.7301587301587301,0.7857142857142857,0.8042168674698795,0.8264462809917356,0.7993920972644377
"10,100000,10",0.35777777777777775,0.03691275167785235,0.16778523489932887,0.47315436241610737,0.540268456375839,0.7272727272727273,0.06451612903225806,0.7188498402555911,0.3859060402684564,0.09876543209876543,0.7651006711409396,0.738562091503268,0.3673913043478261,0.9416666666666667,0.13953488372093023,0.039603960396039604,0.10526315789473684,0.8045602605863192,0.7831715210355987,0.0,0.7734627831715211,0.7993421052631579,0.043333333333333335,0.049019607843137254,0.7766666666666666,0.4563758389261745,0.05245901639344262,0.1303030303030303,0.785234899328859,0.11926605504587157
"201,10,100000",0.8425720620842572,0.7894736842105263,0.7677902621722846,0.7794871794871795,0.7888888888888889,0.7676056338028169,0.7841269841269841,0.7651006711409396,0.772093023255814,0.7909090909090909,0.8384615384615385,0.7664233576642335,0.841648590021692,0.9487179487179487,0.7617328519855595,0.7838709677419354,0.803030303030303,0.14814814814814814,0.7380952380952381,0.7734627831715211,0.0,0.7457627118644068,0.7908496732026143,0.7898089171974523,0.75,0.7727272727272727,0.7799352750809061,0.8095238095238095,0.84,0.8048048048048048
"10,10,020000",0.8609865470852018,0.8040540540540541,0.7837837837837838,0.782608695652174,0.7857142857142857,0.6583333333333333,0.7941176470588235,0.6507936507936508,0.7562189054726368,0.8153846153846154,0.8487394957983193,0.6637931034482759,0.8571428571428571,0.951048951048951,0.7723880597014925,0.7980132450331126,0.809375,0.7522935779816514,0.14102564102564102,0.7993421052631579,0.7457627118644068,0.0,0.8013468013468014,0.8,0.64,0.7486338797814208,0.801980198019802,0.8195718654434251,0.8407079646017699,0.8148148148148148
"000400,10,10",0.35214446952595935,0.006920415224913495,0.14186851211072665,0.45674740484429066,0.5259515570934256,0.7233333333333334,0.04304635761589404,0.7147540983606557,0.37800687285223367,0.09119496855345911,0.7577854671280276,0.7348993288590604,0.3620309050772627,0.9431818181818182,0.12585034013605442,0.03691275167785235,0.08571428571428572,0.8145695364238411,0.7847682119205298,0.043333333333333335,0.7908496732026143,0.8013468013468014,0.0,0.04,0.773972602739726,0.45017182130584193,0.03691275167785235,0.1059190031152648,0.7785467128027682,0.10031347962382445
"10,003400,10",0.34451901565995524,0.04013377926421405,0.1705685618729097,0.47491638795986624,0.5418060200668896,0.7281553398058253,0.06129032258064516,0.7156549520766773,0.3879598662207358,0.11314984709480122,0.7658862876254181,0.739413680781759,0.3544857768052516,0.9388888888888889,0.1362126245847176,0.036303630363036306,0.10802469135802469,0.8167202572347267,0.7799352750809061,0.049019607843137254,0.7898089171974523,0.8,0.04,0.0,0.7774086378737541,0.45819397993311034,0.05555555555555555,0.12727272727272726,0.7859531772575251,0.12195121951219512
"10,10,10,000400",0.8513513513513513,0.7766323024054983,0.7470355731225297,0.6783625730994152,0.6962025316455697,0.26595744680851063,0.7715231788079471,0.3300970873786408,0.6736842105263158,0.790625,0.7129629629629629,0.2159090909090909,0.847682119205298,0.9659863945578231,0.7462121212121212,0.7751677852348994,0.7917981072555205,0.7678571428571429,0.6388888888888888,0.7766666666666666,0.75,0.64,0.773972602739726,0.7774086378737541,0.0,0.6331360946745562,0.7751677852348994,0.7987616099071208,0.7087378640776699,0.7975077881619937
"201,10,10,000400,10",0.6357466063348416,0.4463667820069204,0.3665338645418327,0.17714285714285713,0.15432098765432098,0.585635359116022,0.46357615894039733,0.5752688172043011,0.11475409836065574,0.4952978056426332,0.5679012345679012,0.5714285714285714,0.6423841059602649,0.9529914529914529,0.3816793893129771,0.4527027027027027,0.4936708860759494,0.796875,0.7301587301587301,0.4563758389261745,0.7727272727272727,0.7486338797814208,0.45017182130584193,0.45819397993311034,0.6331360946745562,0.0,0.4527027027027027,0.5015576323987538,0.6049382716049383,0.49843260188087773
"105,10,10",0.3400900900900901,0.030405405405405407,0.16216216216216217,0.46959459459459457,0.5371621621621622,0.7128712871287128,0.05844155844155844,0.7003257328990228,0.38175675675675674,0.10493827160493827,0.7635135135135135,0.7242524916943521,0.35384615384615387,0.938375350140056,0.12751677852348994,0.0462046204620462,0.11145510835913312,0.8071895424836601,0.7857142857142857,0.05245901639344262,0.7799352750809061,0.801980198019802,0.03691275167785235,0.05555555555555555,0.7751677852348994,0.4527027027027027,0.0,0.125,0.7837837837837838,0.1196319018404908
"101,10,10",0.2882882882882883,0.10031347962382445,0.2225705329153605,0.5078369905956113,0.5705329153605015,0.7484848484848485,0.1407185628742515,0.7402985074626866,0.43613707165109034,0.1642651296829971,0.780564263322884,0.7591463414634146,0.30701754385964913,0.9448818897637795,0.20679012345679013,0.125,0.17052023121387283,0.8313253012048193,0.8042168674698795,0.1303030303030303,0.8095238095238095,0.8195718654434251,0.1059190031152648,0.12727272727272726,0.7987616099071208,0.5015576323987538,0.125,0.0,0.799373040752351,0.17765042979942694
"201,10,10,10,10,10",0.854875283446712,0.7770034843205574,0.7419354838709677,0.5923566878980892,0.5328467153284672,0.765625,0.7880794701986755,0.7720588235294118,0.6502732240437158,0.7987421383647799,0.08571428571428572,0.7540983606557377,0.8587196467991169,0.9574468085106383,0.7557251908396947,0.7837837837837838,0.7961783439490446,0.8632478632478633,0.8264462809917356,0.785234899328859,0.84,0.8407079646017699,0.7785467128027682,0.7859531772575251,0.7087378640776699,0.6049382716049383,0.7837837837837838,0.799373040752351,0.0,0.7981072555205048
"104,10,10",0.311804008908686,0.0946372239747634,0.21766561514195584,0.5047318611987381,0.5678233438485805,0.7431192660550459,0.1299093655589124,0.7311178247734139,0.43260188087774293,0.15942028985507245,0.7791798107255521,0.7576687116564417,0.3297180043383948,0.9333333333333333,0.19626168224299065,0.1196319018404908,0.16569767441860464,0.8267477203647416,0.7993920972644377,0.11926605504587157,0.8048048048048048,0.8148148148148148,0.10031347962382445,0.12195121951219512,0.7975077881619937,0.49843260188087773,0.1196319018404908,0.17765042979942694,0.7981072555205048,0.0
